toolbox/data/grindelwald.txt
ncols         1100
nrows         700
xllcorner     637000
yllcorner     158000
cellsize      10
NODATA_value  -9999
[rows 190 to 227 of 700, columns 924 to 1007 of 1100]
972 972 972 973 973 973 974 974 974 975 975 976 976 977 978 978 979 980 982 998 1003 1004 1003 1002 1000 999 997 997 997 998 1000 1001 1003 1004 1008 1012 1016 1018 1021 1026 1033 1039 1041 1044 1046 1048 1051 1053 1056 1058 1060 1062 1064 1068 1071 1074 1077 1080 1084 1089 1094 1099 1104 1111 1119 1125 1130 1136 1141 1150 1159 1163 1167 1171 1176 1180 1184 1186 1188 1191 1195 1200 1206 1212
972 972 973 973 973 974 974 975 975 975 976 976 977 978 978 979 979 982 990 1000 1003 1004 1004 1003 1001 1000 999 998 999 1000 1001 1003 1004 1006 1009 1012 1014 1017 1020 1025 1032 1037 1040 1043 1046 1049 1052 1054 1057 1059 1061 1063 1066 1069 1072 1075 1078 1080 1084 1088 1093 1097 1101 1108 1115 1121 1127 1133 1140 1149 1158 1163 1167 1171 1176 1180 1185 1189 1192 1196 1200 1207 1213 1219
973 973 973 973 974 974 975 975 976 976 976 977 978 978 979 979 979 981 988 995 1000 1001 1002 1002 1002 1001 1000 999 1000 1001 1003 1004 1006 1008 1010 1012 1015 1018 1021 1025 1031 1036 1040 1043 1047 1049 1052 1055 1057 1060 1062 1065 1067 1070 1073 1076 1079 1082 1085 1088 1092 1096 1100 1106 1113 1119 1124 1131 1139 1146 1154 1160 1164 1169 1175 1180 1186 1190 1195 1200 1206 1213 1219 1224
973 973 974 974 974 975 975 976 976 977 977 977 978 979 979 980 980 981 985 990 994 997 1000 1001 1001 1001 1001 1000 1001 1003 1004 1006 1007 1009 1011 1014 1017 1019 1022 1026 1031 1035 1040 1044 1047 1050 1052 1055 1057 1060 1063 1066 1069 1072 1074 1077 1080 1083 1086 1089 1092 1096 1100 1105 1110 1116 1121 1128 1136 1141 1149 1156 1161 1168 1174 1180 1187 1192 1197 1202 1210 1219 1224 1228
974 974 974 975 975 975 976 976 977 977 977 978 979 979 980 980 981 981 983 986 990 993 997 999 1000 1001 1002 1002 1003 1004 1006 1007 1009 1011 1013 1016 1018 1020 1023 1027 1031 1035 1040 1044 1048 1051 1053 1055 1057 1060 1063 1066 1070 1073 1076 1078 1081 1084 1087 1090 1093 1096 1100 1104 1109 1114 1120 1128 1136 1141 1148 1154 1160 1168 1175 1181 1189 1195 1200 1207 1213 1220 1225 1230
974 975 975 975 975 976 976 977 977 978 978 978 979 979 980 981 981 982 983 984 987 990 993 996 1000 1002 1003 1003 1004 1006 1007 1009 1011 1013 1015 1018 1020 1022 1025 1029 1033 1037 1041 1045 1050 1053 1055 1056 1058 1060 1063 1067 1071 1075 1078 1080 1083 1086 1089 1092 1095 1098 1100 1104 1109 1114 1120 1129 1139 1144 1150 1156 1161 1170 1179 1185 1192 1199 1204 1209 1215 1220 1225 1230
975 975 975 976 976 976 977 977 978 978 978 979 979 980 980 981 982 983 984 985 986 988 991 995 999 1001 1003 1004 1005 1007 1008 1010 1012 1014 1017 1019 1022 1025 1028 1031 1036 1040 1045 1049 1053 1056 1057 1058 1059 1061 1064 1069 1073 1077 1080 1083 1085 1088 1091 1094 1097 1100 1103 1106 1110 1114 1120 1130 1140 1146 1153 1159 1164 1172 1180 1186 1193 1199 1204 1209 1214 1219 1224 1229
976 976 976 976 977 977 977 978 978 978 979 979 980 980 981 982 983 983 984 985 987 988 990 992 995 999 1002 1003 1005 1007 1009 1012 1014 1016 1018 1021 1024 1027 1031 1035 1040 1046 1050 1054 1057 1059 1060 1060 1062 1063 1067 1071 1075 1079 1082 1085 1088 1091 1093 1096 1099 1102 1105 1109 1112 1116 1121 1131 1140 1147 1153 1159 1164 1172 1180 1185 1191 1197 1201 1207 1212 1217 1221 1227
976 976 977 977 977 977 978 978 979 979 979 980 980 980 981 982 983 984 985 986 987 988 989 990 991 995 999 1002 1005 1008 1010 1013 1015 1018 1020 1023 1027 1031 1035 1041 1047 1052 1056 1059 1061 1062 1063 1064 1065 1067 1070 1074 1077 1081 1084 1087 1090 1093 1096 1098 1101 1104 1108 1112 1116 1120 1125 1133 1140 1146 1152 1157 1161 1168 1176 1181 1188 1194 1199 1204 1209 1214 1219 1224
977 977 977 977 978 978 978 979 979 980 980 980 980 981 982 982 983 984 985 986 987 988 989 990 991 992 996 1000 1004 1008 1011 1015 1017 1020 1024 1027 1031 1035 1040 1047 1054 1059 1061 1063 1064 1065 1066 1066 1068 1070 1072 1076 1079 1082 1085 1089 1092 1095 1098 1100 1103 1106 1110 1114 1119 1124 1128 1134 1139 1144 1149 1154 1159 1165 1173 1179 1184 1190 1195 1200 1205 1210 1216 1221
977 977 978 978 978 979 979 979 980 980 980 981 981 981 982 983 984 985 986 987 988 989 990 991 992 993 996 1000 1004 1008 1013 1017 1020 1024 1028 1032 1036 1040 1046 1052 1059 1062 1063 1065 1066 1067 1068 1069 1070 1072 1074 1077 1080 1083 1086 1090 1093 1096 1100 1102 1104 1107 1111 1115 1120 1124 1128 1132 1137 1140 1145 1150 1156 1161 1169 1175 1180 1185 1191 1195 1200 1206 1213 1219
977 978 978 978 979 979 979 980 980 980 981 981 981 982 983 983 984 985 986 987 988 989 990 991 992 994 997 1000 1004 1009 1014 1019 1023 1027 1032 1036 1040 1044 1049 1054 1060 1062 1064 1066 1067 1068 1070 1071 1072 1074 1075 1078 1080 1083 1086 1090 1094 1097 1100 1103 1105 1108 1111 1115 1119 1122 1126 1130 1134 1137 1140 1146 1153 1160 1167 1171 1175 1180 1186 1190 1195 1201 1209 1213
978 978 978 979 979 980 980 980 980 981 981 982 982 983 983 984 985 985 986 987 988 989 990 992 993 995 997 1000 1004 1009 1015 1020 1025 1029 1034 1039 1043 1046 1050 1054 1058 1061 1063 1065 1067 1069 1070 1072 1073 1075 1076 1078 1080 1083 1086 1090 1094 1097 1100 1102 1105 1108 1111 1114 1119 1122 1128 1133 1136 1140 1143 1145 1153 1160 1161 1166 1172 1177 1180 1184 1193 1200 1202 1208
978 978 979 979 980 980 980 981 981 981 982 982 983 983 984 984 985 986 987 987 989 990 991 993 994 996 998 1001 1005 1010 1015 1020 1025 1030 1035 1040 1043 1046 1050 1054 1057 1060 1063 1065 1067 1069 1071 1072 1074 1075 1077 1078 1080 1083 1086 1089 1093 1096 1099 1101 1103 1106 1109 1111 1116 1121 1129 1136 1140 1144 1147 1150 1155 1161 1167 1170 1175 1180 1182 1192 1199 1204 1209 1213
978 979 979 979 980 980 981 981 981 982 982 983 983 984 984 985 986 986 987 988 989 990 992 994 995 997 1000 1002 1006 1011 1015 1020 1026 1031 1035 1038 1041 1045 1049 1053 1057 1060 1062 1065 1067 1069 1071 1073 1074 1075 1077 1078 1080 1082 1085 1089 1092 1095 1097 1099 1100 1105 1108 1111 1115 1121 1130 1139 1144 1148 1151 1155 1160 1165 1170 1175 1179 1182 1189 1199 1206 1210 1215 1219
978 979 979 980 980 980 981 981 982 982 983 983 984 984 985 986 986 987 987 988 989 990 992 994 996 998 1000 1003 1008 1012 1017 1021 1027 1032 1036 1038 1041 1045 1049 1053 1057 1060 1062 1065 1067 1069 1071 1073 1074 1076 1077 1078 1080 1082 1085 1087 1090 1093 1095 1097 1100 1103 1107 1110 1114 1120 1130 1140 1146 1151 1156 1160 1165 1170 1175 1180 1185 1191 1199 1207 1212 1216 1220 1224
979 979 979 980 980 981 981 982 982 983 983 984 984 985 985 986 987 987 988 988 989 990 992 994 996 998 1001 1005 1010 1015 1019 1025 1031 1035 1038 1040 1043 1046 1050 1054 1057 1060 1062 1065 1067 1069 1071 1072 1074 1075 1077 1078 1080 1082 1084 1086 1089 1091 1093 1096 1099 1102 1106 1109 1114 1120 1130 1140 1147 1154 1159 1164 1169 1175 1180 1186 1193 1200 1207 1214 1219 1221 1225 1228
979 979 980 980 980 981 981 982 983 983 984 984 985 985 986 986 987 988 988 989 990 992 993 995 997 1000 1003 1007 1012 1017 1021 1029 1036 1039 1041 1043 1046 1049 1052 1056 1058 1060 1063 1065 1067 1069 1071 1072 1074 1075 1077 1078 1080 1081 1083 1085 1088 1089 1091 1094 1097 1100 1105 1109 1114 1120 1130 1139 1149 1156 1161 1168 1174 1180 1187 1193 1200 1207 1214 1220 1226 1229 1232 1234
979 979 980 980 981 981 982 982 983 983 984 984 985 986 986 987 987 988 989 989 990 992 994 996 998 1000 1003 1008 1014 1020 1023 1031 1040 1042 1044 1046 1049 1051 1055 1058 1060 1062 1064 1066 1068 1069 1071 1072 1074 1075 1076 1078 1079 1080 1081 1084 1086 1088 1090 1093 1096 1100 1105 1111 1116 1122 1132 1141 1152 1160 1167 1174 1180 1187 1193 1200 1207 1214 1221 1227 1233 1236 1239 1240
979 979 980 980 981 981 982 982 983 983 984 985 985 986 986 987 988 988 989 990 991 992 994 996 998 1000 1003 1008 1012 1017 1022 1031 1040 1044 1046 1048 1051 1054 1057 1060 1062 1063 1065 1067 1069 1070 1071 1072 1074 1075 1076 1077 1078 1079 1080 1084 1085 1087 1089 1092 1095 1100 1107 1114 1121 1128 1138 1147 1158 1166 1174 1180 1187 1194 1200 1207 1214 1220 1227 1234 1239 1241 1244 1246
978 979 980 980 980 981 982 982 983 983 984 985 985 986 987 987 988 989 989 990 991 992 994 996 998 1000 1003 1007 1011 1015 1021 1030 1039 1043 1045 1048 1052 1055 1058 1060 1063 1065 1067 1068 1070 1071 1072 1073 1074 1075 1076 1077 1078 1079 1081 1083 1085 1086 1088 1091 1095 1100 1109 1119 1127 1135 1142 1150 1160 1170 1180 1186 1192 1199 1205 1212 1220 1226 1232 1239 1242 1245 1248 1251
978 979 979 980 980 981 981 982 983 983 984 985 986 986 987 988 988 989 989 990 990 992 994 996 998 1000 1003 1007 1011 1015 1020 1028 1035 1040 1043 1047 1052 1056 1060 1062 1064 1066 1068 1070 1071 1073 1074 1074 1075 1075 1076 1077 1078 1079 1080 1082 1084 1085 1088 1091 1095 1101 1110 1120 1129 1140 1146 1153 1161 1171 1180 1187 1194 1200 1207 1214 1220 1227 1234 1239 1243 1247 1251 1255
978 979 979 980 980 981 981 982 983 983 984 985 986 986 987 988 988 989 989 990 990 992 994 997 1000 1002 1004 1008 1011 1015 1020 1027 1033 1037 1041 1046 1051 1056 1060 1062 1064 1067 1069 1071 1072 1074 1075 1076 1076 1076 1077 1077 1078 1080 1081 1082 1083 1085 1087 1090 1095 1100 1108 1115 1122 1139 1147 1153 1161 1171 1180 1188 1194 1200 1207 1214 1220 1227 1233 1237 1241 1246 1252 1257
978 979 979 980 980 981 981 982 982 983 984 985 986 986 987 988 989 989 990 990 991 992 994 997 1000 1003 1006 1009 1013 1017 1021 1027 1032 1036 1040 1045 1051 1056 1060 1063 1065 1067 1069 1072 1074 1075 1077 1078 1078 1077 1077 1078 1079 1080 1081 1082 1083 1085 1087 1090 1094 1099 1105 1112 1121 1138 1146 1152 1161 1171 1180 1187 1194 1200 1207 1214 1220 1226 1231 1236 1240 1246 1253 1259
979 979 980 980 980 981 981 982 982 983 984 985 986 986 987 988 989 990 990 991 992 993 995 997 1000 1004 1008 1012 1016 1020 1025 1030 1034 1037 1041 1046 1051 1056 1060 1063 1065 1067 1070 1072 1074 1077 1079 1080 1080 1079 1079 1079 1080 1080 1081 1082 1083 1085 1087 1090 1093 1097 1101 1109 1119 1130 1139 1147 1160 1170 1180 1187 1194 1200 1207 1213 1220 1225 1230 1235 1240 1246 1253 1260
979 979 980 980 980 981 981 982 982 983 984 985 986 987 987 988 989 990 991 991 992 993 995 997 1000 1004 1009 1014 1019 1024 1029 1035 1038 1040 1043 1047 1051 1056 1060 1062 1064 1067 1070 1072 1075 1077 1080 1082 1082 1080 1080 1080 1081 1082 1083 1084 1084 1086 1087 1089 1092 1095 1099 1105 1113 1122 1131 1141 1158 1168 1180 1188 1195 1200 1207 1214 1220 1225 1230 1235 1240 1246 1253 1260
979 979 980 980 980 981 981 982 982 983 984 985 986 987 988 989 989 990 991 992 993 994 995 997 1000 1004 1009 1015 1020 1026 1033 1039 1041 1043 1045 1048 1052 1055 1058 1061 1063 1066 1069 1072 1075 1078 1080 1083 1084 1084 1083 1084 1084 1085 1085 1086 1086 1087 1088 1090 1092 1094 1097 1101 1110 1119 1129 1140 1152 1162 1178 1187 1196 1201 1208 1214 1220 1225 1230 1235 1240 1247 1254 1262
979 980 980 980 980 981 982 982 983 983 984 985 986 987 988 989 990 991 992 993 994 995 996 998 1000 1004 1009 1015 1020 1026 1033 1039 1042 1044 1046 1048 1051 1054 1057 1060 1062 1065 1068 1072 1075 1078 1081 1084 1086 1087 1087 1088 1088 1089 1089 1089 1089 1089 1090 1091 1093 1095 1098 1101 1108 1118 1127 1140 1149 1159 1170 1182 1198 1205 1210 1215 1220 1225 1231 1236 1241 1249 1259 1270
980 980 980 980 981 981 982 982 983 984 984 985 986 987 988 989 990 991 992 993 995 996 997 999 1001 1005 1009 1014 1019 1024 1030 1036 1040 1043 1045 1047 1050 1052 1055 1058 1061 1064 1067 1071 1076 1080 1083 1086 1088 1090 1091 1092 1093 1093 1093 1093 1092 1092 1092 1092 1094 1096 1099 1102 1107 1114 1122 1138 1146 1153 1162 1179 1198 1206 1211 1216 1220 1226 1232 1239 1245 1253 1262 1278
980 980 981 981 981 981 982 983 983 984 984 985 986 987 988 989 990 991 993 994 995 996 998 1000 1002 1005 1008 1012 1016 1020 1025 1031 1036 1040 1043 1045 1048 1050 1053 1056 1059 1062 1066 1070 1075 1080 1084 1087 1090 1092 1094 1095 1096 1097 1097 1096 1096 1095 1094 1094 1095 1097 1100 1103 1108 1113 1120 1132 1141 1150 1160 1174 1189 1202 1211 1217 1221 1228 1235 1241 1249 1258 1268 1280
981 981 981 981 981 982 982 983 983 984 984 985 986 987 988 989 990 991 993 994 995 997 998 1000 1002 1005 1007 1010 1013 1017 1021 1027 1033 1037 1040 1043 1045 1047 1050 1053 1056 1060 1063 1068 1074 1080 1085 1088 1091 1094 1096 1098 1100 1100 1100 1100 1099 1098 1096 1096 1096 1097 1100 1105 1110 1115 1121 1130 1140 1149 1160 1173 1188 1201 1211 1219 1225 1232 1239 1246 1254 1262 1272 1282
982 982 982 982 982 982 982 983 983 984 985 985 986 987 988 989 990 991 992 994 995 997 998 1000 1001 1002 1004 1007 1010 1015 1020 1025 1030 1034 1037 1040 1042 1044 1046 1049 1053 1056 1060 1065 1072 1080 1085 1088 1092 1095 1097 1100 1102 1103 1103 1103 1102 1100 1098 1097 1097 1099 1102 1110 1115 1119 1124 1131 1140 1149 1160 1170 1182 1199 1211 1220 1228 1236 1242 1250 1259 1268 1279 1288
982 982 982 983 983 983 983 983 984 984 985 986 986 987 988 989 990 991 992 993 995 996 997 998 999 1000 1002 1003 1008 1014 1020 1024 1028 1031 1034 1037 1039 1040 1043 1047 1051 1054 1057 1061 1070 1078 1083 1087 1091 1095 1098 1100 1103 1104 1105 1105 1104 1103 1100 1100 1100 1101 1109 1118 1121 1124 1128 1133 1140 1150 1160 1170 1181 1199 1211 1221 1230 1240 1246 1253 1260 1270 1280 1290
983 983 983 983 983 984 984 984 984 985 985 986 986 987 987 988 989 990 991 993 994 995 996 997 997 998 1000 1001 1006 1012 1019 1022 1025 1028 1031 1034 1036 1037 1040 1045 1050 1054 1057 1061 1068 1076 1081 1086 1090 1094 1097 1100 1103 1106 1108 1108 1108 1106 1105 1104 1105 1109 1118 1124 1127 1130 1133 1136 1142 1152 1161 1170 1181 1198 1211 1221 1231 1240 1247 1254 1260 1269 1279 1287
983 983 984 984 984 984 984 985 985 985 986 986 987 987 988 988 989 990 991 992 993 994 995 996 996 998 999 1000 1005 1011 1016 1020 1023 1026 1029 1031 1033 1036 1040 1047 1053 1056 1060 1063 1069 1075 1080 1085 1089 1094 1098 1101 1105 1108 1110 1111 1111 1110 1109 1109 1110 1113 1120 1126 1131 1135 1139 1141 1147 1158 1164 1171 1181 1197 1212 1222 1232 1240 1247 1254 1260 1267 1274 1282
983 984 984 984 985 985 985 985 986 986 986 987 987 988 988 989 989 990 991 992 993 993 994 994 995 997 1000 1001 1005 1010 1014 1018 1021 1024 1027 1030 1033 1036 1042 1051 1059 1061 1065 1067 1071 1075 1080 1084 1089 1094 1099 1103 1107 1110 1113 1115 1115 1115 1115 1114 1114 1116 1121 1129 1135 1140 1144 1147 1151 1159 1166 1174 1182 1196 1210 1222 1231 1240 1247 1254 1260 1265 1272 1281
983 984 984 985 985 985 986 986 986 986 987 987 988 988 989 990 990 990 991 991 992 992 993 993 994 997 999 1001 1004 1008 1013 1016 1020 1023 1026 1030 1034 1040 1050 1059 1066 1069 1071 1072 1073 1076 1079 1082 1087 1094 1100 1104 1109 1112 1116 1118 1120 1120 1120 1120 1120 1121 1126 1133 1140 1145 1149 1154 1158 1161 1169 1178 1186 1197 1210 1221 1231 1240 1247 1254 1260 1265 1271 1281
983 984 984 985 985 986 986 986 987 987 987 988 988 989 989 990 990 991 991 992 992 993 993 994 994 995 998 1000 1003 1007 1011 1015 1019 1022 1025 1030 1035 1042 1058 1066 1072 1076 1078 1077 1076 1076 1078 1080 1086 1093 1100 1105 1110 1114 1118 1120 1123 1124 1125 1126 1127 1130 1134 1139 1145 1150 1155 1160 1164 1167 1172 1180 1187 1198 1210 1221 1231 1240 1247 1254 1260 1265 1271 1281
