toolbox/data/grindelwald.txt
ncols         1100
nrows         700
xllcorner     637000
yllcorner     158000
cellsize      10
NODATA_value  -9999
[rows 38 to 75 of 700, columns 168 to 251 of 1100]
970 972 970 967 964 959 956 960 967 972 974 973 970 968 968 970 974 977 980 984 985 984 980 975 970 965 960 956 955 954 960 968 978 984 985 984 980 974 966 960 960 961 965 967 965 961 960 960 963 967 970 973 974 974 973 970 964 959 961 965 970 974 975 975 975 975 975 974 972 971 970 969 968 967 965 964 963 962 964 966 967 967 968 971
976 978 976 973 969 965 961 967 973 979 980 980 978 975 974 976 979 982 985 988 989 988 984 980 975 970 965 961 960 960 966 974 981 988 990 988 984 978 970 962 969 971 973 974 972 969 968 966 969 974 979 980 980 980 979 975 970 962 966 970 975 979 980 980 980 980 980 979 977 975 975 974 974 973 971 969 968 968 970 973 973 973 975 977
981 983 981 979 975 972 971 974 979 984 985 984 983 980 980 981 985 989 992 994 994 992 989 985 980 975 972 968 967 968 973 980 987 993 994 992 987 981 975 971 975 979 980 980 979 976 973 968 975 980 984 986 987 987 985 981 978 971 970 975 980 985 987 987 987 986 986 984 981 980 980 980 980 979 976 973 972 973 976 979 978 978 979 981
990 991 989 986 981 979 975 980 985 988 989 988 987 986 985 987 990 994 997 999 999 997 993 989 985 981 979 975 973 975 980 987 994 999 1000 996 990 984 981 980 981 985 987 987 985 981 979 974 979 984 988 991 993 993 992 988 984 978 974 979 986 991 993 994 993 993 993 991 988 987 987 987 986 984 980 977 976 977 980 983 981 981 983 986
1000 1000 999 993 987 981 981 987 991 993 993 993 992 992 992 993 995 999 1001 1003 1002 1000 997 994 992 988 984 980 977 980 986 993 1001 1005 1005 1000 993 986 987 987 989 992 993 993 992 988 984 980 983 987 992 996 999 1001 1000 995 989 984 981 985 992 998 1000 1000 1000 1000 1000 999 995 994 994 993 992 989 985 981 980 981 984 987 987 987 989 991
1007 1007 1005 1001 998 992 991 998 1000 1001 1002 1002 1002 1000 1000 1000 1001 1004 1006 1007 1007 1005 1001 1000 999 995 990 984 982 986 993 1001 1009 1012 1010 1005 999 993 993 994 996 999 1000 1000 999 994 990 987 988 991 996 1001 1006 1009 1009 1002 995 992 988 991 996 1001 1005 1006 1007 1007 1007 1004 1001 1000 1000 1000 999 995 990 987 985 986 988 991 993 994 995 996
1013 1013 1012 1008 1005 1001 1000 1005 1009 1013 1018 1019 1018 1012 1010 1009 1010 1011 1012 1013 1013 1011 1008 1007 1005 1001 998 993 993 994 1000 1009 1018 1019 1015 1008 1001 997 999 1000 1001 1005 1007 1007 1005 1000 995 992 993 996 1000 1007 1013 1017 1020 1011 1002 999 992 996 1000 1005 1009 1012 1014 1014 1013 1011 1008 1006 1006 1005 1004 1000 996 993 991 991 993 996 999 1000 1000 1001
1020 1020 1019 1015 1012 1010 1010 1013 1018 1022 1028 1030 1028 1022 1020 1019 1020 1020 1020 1020 1020 1020 1015 1013 1011 1008 1004 1000 1000 1001 1007 1014 1021 1023 1019 1012 1004 1001 1002 1006 1010 1013 1014 1013 1010 1005 1000 996 998 1001 1006 1013 1019 1022 1025 1019 1010 1001 995 1000 1005 1010 1014 1017 1019 1020 1019 1016 1014 1012 1011 1010 1008 1005 1001 999 996 995 997 1000 1003 1005 1006 1008
1030 1029 1026 1022 1020 1020 1020 1022 1027 1032 1038 1040 1040 1038 1031 1029 1029 1030 1030 1030 1030 1028 1022 1020 1019 1014 1010 1008 1006 1007 1013 1020 1026 1028 1022 1016 1011 1010 1010 1014 1018 1020 1020 1019 1015 1009 1003 1000 1001 1006 1013 1020 1027 1031 1032 1027 1018 1007 1001 1005 1010 1015 1019 1021 1024 1024 1024 1021 1019 1017 1015 1015 1014 1012 1008 1004 1001 1000 1001 1004 1006 1009 1011 1015
1040 1039 1034 1031 1030 1030 1032 1038 1041 1042 1047 1050 1050 1047 1041 1041 1040 1040 1040 1040 1040 1038 1032 1028 1025 1020 1016 1014 1012 1013 1022 1029 1033 1033 1027 1021 1016 1016 1017 1020 1024 1025 1024 1023 1019 1012 1007 1006 1008 1013 1020 1028 1035 1039 1040 1031 1020 1011 1006 1010 1015 1020 1024 1026 1028 1029 1029 1027 1024 1021 1020 1020 1020 1019 1015 1010 1007 1006 1007 1009 1011 1013 1016 1020
1050 1046 1041 1038 1034 1039 1042 1050 1058 1060 1060 1060 1060 1060 1058 1058 1053 1051 1051 1050 1048 1045 1040 1035 1032 1028 1021 1020 1021 1022 1038 1040 1040 1039 1034 1028 1022 1020 1022 1025 1029 1029 1028 1025 1021 1016 1013 1012 1015 1020 1027 1034 1040 1042 1040 1032 1021 1014 1011 1015 1020 1025 1029 1031 1034 1035 1034 1033 1031 1028 1026 1025 1025 1023 1020 1016 1014 1013 1013 1014 1015 1017 1020 1025
1059 1053 1047 1044 1041 1050 1058 1062 1067 1069 1070 1071 1071 1069 1068 1066 1062 1060 1060 1060 1055 1051 1046 1042 1040 1038 1032 1033 1038 1039 1046 1048 1047 1045 1041 1038 1031 1027 1029 1032 1034 1034 1032 1029 1024 1021 1020 1019 1020 1027 1034 1040 1044 1044 1040 1033 1025 1019 1019 1021 1025 1030 1034 1036 1039 1040 1040 1040 1039 1035 1032 1031 1029 1027 1024 1021 1020 1019 1018 1020 1020 1021 1025 1030
1065 1060 1054 1052 1055 1061 1068 1071 1074 1075 1077 1079 1079 1076 1074 1073 1071 1070 1068 1065 1060 1056 1053 1050 1047 1043 1038 1041 1046 1048 1051 1052 1051 1050 1047 1044 1039 1034 1035 1039 1040 1039 1036 1033 1029 1026 1025 1021 1025 1033 1040 1045 1047 1045 1040 1034 1028 1024 1024 1026 1030 1035 1039 1041 1045 1047 1047 1046 1044 1040 1037 1035 1033 1031 1029 1027 1026 1024 1021 1023 1024 1026 1030 1035
1071 1067 1062 1060 1060 1071 1079 1080 1081 1081 1082 1085 1084 1081 1081 1080 1080 1079 1075 1072 1066 1061 1060 1058 1054 1049 1045 1048 1052 1054 1056 1056 1056 1054 1051 1048 1043 1040 1041 1044 1045 1044 1040 1037 1034 1031 1030 1030 1032 1039 1045 1049 1050 1047 1041 1036 1032 1029 1030 1032 1035 1040 1045 1049 1052 1054 1054 1052 1048 1044 1041 1039 1037 1036 1035 1034 1032 1030 1027 1028 1029 1032 1035 1040
1082 1081 1078 1074 1073 1082 1089 1091 1090 1090 1091 1092 1092 1090 1090 1090 1089 1086 1082 1079 1073 1068 1065 1063 1059 1054 1050 1055 1059 1061 1061 1061 1061 1060 1056 1052 1049 1047 1048 1049 1050 1049 1045 1041 1039 1036 1035 1037 1038 1042 1049 1054 1054 1051 1046 1040 1036 1033 1034 1036 1040 1045 1050 1055 1059 1060 1059 1056 1053 1048 1045 1043 1041 1040 1040 1040 1039 1036 1034 1034 1035 1039 1041 1046
1099 1098 1090 1082 1085 1098 1100 1100 1100 1100 1100 1100 1100 1100 1100 1100 1099 1094 1091 1088 1081 1074 1070 1066 1063 1060 1056 1060 1066 1069 1070 1070 1069 1066 1060 1056 1053 1051 1053 1055 1055 1054 1050 1046 1043 1040 1040 1040 1042 1048 1054 1059 1060 1056 1051 1044 1039 1037 1037 1040 1044 1049 1054 1059 1063 1064 1063 1060 1056 1052 1049 1046 1045 1045 1045 1044 1043 1041 1040 1040 1042 1047 1050 1053
1111 1108 1102 1099 1100 1092 1099 1103 1106 1108 1110 1110 1110 1110 1110 1110 1108 1102 1100 1098 1090 1081 1075 1070 1066 1063 1061 1068 1074 1079 1080 1080 1078 1073 1065 1060 1059 1056 1059 1060 1060 1059 1056 1051 1048 1046 1045 1045 1049 1054 1060 1063 1063 1060 1055 1048 1041 1040 1041 1045 1049 1052 1057 1061 1065 1067 1067 1064 1060 1056 1053 1051 1050 1049 1049 1049 1048 1047 1047 1048 1052 1058 1060 1060
1121 1118 1113 1109 1105 1102 1104 1108 1112 1115 1119 1120 1120 1120 1120 1120 1118 1112 1108 1105 1099 1090 1081 1075 1070 1069 1071 1078 1081 1084 1086 1085 1083 1078 1068 1060 1060 1060 1062 1064 1065 1063 1060 1056 1052 1050 1050 1050 1054 1059 1063 1066 1066 1063 1059 1050 1044 1048 1049 1052 1054 1056 1060 1064 1068 1070 1070 1068 1064 1060 1057 1055 1054 1054 1054 1054 1054 1053 1053 1055 1060 1064 1066 1067
1128 1124 1119 1115 1113 1112 1112 1115 1119 1122 1126 1128 1130 1129 1129 1128 1125 1120 1115 1111 1105 1098 1088 1080 1075 1075 1079 1085 1088 1089 1090 1088 1085 1080 1073 1067 1065 1066 1067 1068 1069 1068 1064 1060 1057 1055 1055 1056 1057 1061 1066 1069 1068 1064 1059 1052 1048 1052 1055 1059 1060 1061 1064 1068 1072 1075 1075 1073 1069 1064 1061 1060 1060 1060 1060 1060 1060 1060 1060 1061 1066 1070 1073 1073
1134 1128 1123 1120 1120 1120 1120 1122 1127 1131 1133 1136 1138 1137 1135 1134 1131 1126 1120 1115 1109 1101 1093 1084 1080 1081 1086 1091 1094 1094 1093 1091 1088 1084 1080 1074 1072 1072 1073 1074 1074 1073 1069 1065 1061 1060 1060 1060 1060 1065 1071 1072 1070 1066 1060 1055 1054 1059 1061 1064 1066 1067 1069 1072 1076 1079 1080 1079 1075 1070 1067 1066 1066 1066 1066 1066 1066 1066 1067 1068 1072 1076 1079 1080
1142 1133 1128 1127 1129 1129 1130 1133 1138 1140 1140 1141 1142 1141 1140 1139 1136 1131 1125 1120 1114 1106 1098 1089 1087 1089 1093 1099 1101 1100 1097 1095 1091 1088 1084 1081 1080 1080 1080 1081 1080 1079 1075 1071 1068 1066 1065 1065 1066 1072 1078 1077 1074 1069 1062 1060 1061 1065 1068 1070 1073 1073 1074 1076 1080 1084 1086 1085 1080 1075 1073 1072 1073 1073 1073 1073 1073 1073 1073 1075 1079 1081 1085 1088
1158 1142 1134 1135 1135 1136 1139 1141 1145 1146 1146 1146 1146 1146 1145 1144 1140 1135 1130 1124 1118 1109 1101 1094 1094 1098 1101 1106 1109 1108 1102 1099 1095 1092 1089 1088 1089 1090 1090 1090 1088 1085 1081 1079 1074 1073 1072 1073 1074 1079 1082 1082 1080 1075 1070 1062 1069 1072 1074 1076 1080 1080 1080 1081 1085 1089 1092 1092 1088 1082 1080 1080 1080 1080 1080 1080 1080 1080 1080 1081 1085 1089 1093 1096
1172 1158 1141 1139 1140 1142 1146 1149 1152 1153 1152 1152 1153 1152 1152 1148 1144 1139 1133 1127 1120 1113 1107 1101 1101 1107 1111 1115 1119 1118 1111 1106 1100 1096 1095 1095 1099 1100 1100 1099 1095 1093 1090 1086 1081 1080 1080 1080 1080 1083 1088 1089 1086 1081 1075 1070 1075 1079 1081 1082 1085 1086 1086 1088 1092 1095 1099 1100 1098 1092 1089 1087 1086 1086 1086 1086 1086 1087 1088 1090 1093 1095 1099 1101
1178 1162 1157 1144 1149 1151 1154 1159 1160 1160 1160 1161 1162 1162 1160 1154 1148 1141 1136 1130 1124 1120 1118 1112 1113 1118 1120 1122 1125 1124 1119 1113 1106 1101 1100 1101 1105 1106 1105 1103 1101 1100 1098 1094 1091 1090 1090 1089 1086 1088 1094 1098 1094 1087 1081 1077 1081 1086 1089 1091 1092 1092 1093 1095 1099 1101 1105 1106 1105 1101 1099 1095 1093 1093 1093 1093 1093 1094 1095 1098 1099 1100 1103 1106
1187 1178 1162 1152 1158 1160 1162 1168 1170 1170 1171 1173 1178 1178 1171 1161 1153 1146 1140 1134 1128 1126 1124 1120 1121 1125 1128 1130 1131 1129 1125 1119 1112 1109 1109 1110 1112 1112 1110 1108 1106 1105 1104 1101 1100 1100 1099 1096 1091 1096 1101 1104 1100 1095 1088 1081 1088 1094 1099 1100 1100 1100 1100 1101 1105 1108 1112 1113 1112 1110 1107 1102 1100 1100 1100 1100 1100 1100 1101 1102 1103 1104 1107 1110
1193 1182 1170 1160 1163 1167 1172 1178 1180 1180 1180 1181 1185 1183 1180 1169 1159 1150 1143 1138 1134 1132 1129 1128 1130 1133 1136 1138 1136 1133 1128 1124 1120 1117 1119 1119 1120 1119 1115 1113 1112 1111 1111 1110 1110 1110 1107 1101 1097 1101 1107 1110 1107 1101 1094 1087 1093 1100 1105 1107 1108 1108 1109 1110 1112 1115 1119 1120 1121 1120 1118 1112 1110 1109 1110 1110 1110 1109 1107 1106 1106 1107 1110 1114
1200 1190 1180 1168 1170 1174 1180 1186 1190 1190 1190 1191 1192 1188 1182 1173 1162 1153 1146 1140 1140 1139 1135 1135 1138 1140 1141 1143 1141 1136 1132 1128 1124 1121 1124 1126 1126 1125 1122 1122 1121 1122 1122 1121 1120 1120 1115 1108 1101 1107 1114 1118 1114 1107 1100 1092 1100 1105 1110 1113 1114 1116 1119 1120 1120 1121 1125 1128 1130 1129 1125 1121 1119 1119 1120 1120 1120 1118 1114 1112 1111 1112 1114 1120
1209 1198 1187 1178 1176 1180 1186 1193 1199 1200 1200 1200 1199 1195 1188 1178 1167 1159 1152 1149 1148 1147 1141 1141 1145 1149 1150 1151 1148 1141 1136 1132 1129 1128 1131 1132 1133 1135 1138 1138 1139 1139 1138 1133 1129 1125 1121 1118 1116 1113 1119 1122 1120 1113 1104 1100 1104 1110 1115 1119 1120 1122 1125 1128 1130 1131 1133 1135 1139 1138 1133 1130 1129 1129 1129 1129 1129 1127 1121 1121 1121 1121 1122 1127
1218 1202 1192 1186 1180 1188 1193 1202 1209 1211 1211 1209 1206 1200 1192 1180 1170 1163 1160 1160 1161 1160 1151 1149 1153 1158 1160 1160 1158 1150 1142 1140 1135 1134 1138 1140 1140 1142 1146 1148 1148 1148 1146 1140 1135 1130 1124 1120 1121 1120 1124 1126 1124 1118 1108 1106 1110 1115 1120 1124 1127 1130 1133 1136 1140 1140 1140 1141 1145 1146 1142 1141 1141 1141 1141 1141 1141 1138 1133 1139 1140 1140 1140 1141
1229 1218 1202 1198 1189 1198 1202 1218 1221 1220 1219 1216 1211 1206 1198 1182 1173 1169 1169 1172 1178 1178 1162 1160 1162 1168 1170 1169 1165 1159 1151 1147 1142 1142 1147 1149 1149 1150 1153 1154 1155 1154 1151 1146 1140 1134 1129 1126 1128 1130 1131 1132 1129 1121 1113 1113 1118 1121 1125 1130 1134 1139 1140 1141 1144 1146 1148 1150 1157 1160 1160 1160 1160 1160 1159 1159 1158 1148 1142 1158 1160 1159 1160 1159
1239 1231 1218 1202 1200 1202 1218 1227 1229 1226 1222 1219 1214 1208 1200 1189 1181 1177 1180 1182 1188 1188 1180 1178 1178 1179 1179 1176 1170 1164 1160 1159 1158 1159 1161 1161 1160 1160 1160 1161 1161 1160 1156 1151 1144 1138 1134 1134 1139 1141 1142 1141 1138 1130 1120 1121 1127 1130 1132 1135 1140 1144 1146 1148 1151 1153 1159 1162 1174 1180 1179 1180 1179 1178 1174 1171 1168 1161 1161 1169 1171 1171 1170 1170
1248 1239 1222 1218 1210 1214 1222 1231 1234 1231 1225 1220 1215 1210 1205 1201 1198 1191 1198 1200 1202 1200 1192 1189 1188 1187 1185 1180 1174 1168 1167 1169 1171 1174 1178 1174 1171 1170 1170 1170 1169 1166 1162 1158 1149 1141 1141 1142 1150 1158 1158 1153 1148 1141 1134 1133 1138 1140 1140 1142 1148 1151 1153 1155 1160 1162 1178 1182 1198 1198 1190 1190 1190 1187 1182 1180 1179 1175 1178 1180 1180 1180 1180 1180
1259 1251 1238 1222 1217 1221 1230 1236 1239 1235 1228 1221 1216 1214 1214 1218 1219 1218 1219 1220 1218 1211 1201 1196 1194 1193 1189 1184 1178 1174 1174 1179 1180 1181 1182 1181 1180 1180 1180 1180 1179 1174 1171 1168 1160 1158 1159 1160 1162 1168 1168 1162 1159 1151 1142 1142 1147 1148 1149 1152 1158 1160 1160 1161 1170 1181 1198 1201 1207 1206 1201 1200 1199 1195 1191 1190 1187 1182 1187 1189 1190 1190 1190 1190
1266 1260 1250 1238 1221 1229 1238 1242 1243 1239 1231 1224 1221 1222 1222 1228 1231 1232 1232 1231 1227 1220 1210 1202 1200 1199 1193 1187 1180 1180 1182 1187 1189 1190 1190 1190 1190 1190 1190 1189 1186 1181 1180 1178 1171 1172 1178 1179 1179 1180 1179 1173 1169 1159 1156 1159 1161 1161 1161 1162 1167 1169 1169 1171 1182 1198 1209 1212 1213 1213 1210 1209 1207 1202 1200 1200 1200 1195 1198 1200 1201 1201 1200 1200
1271 1262 1253 1239 1228 1235 1242 1250 1249 1242 1234 1229 1231 1238 1239 1240 1240 1241 1241 1240 1235 1229 1220 1211 1206 1203 1199 1193 1190 1192 1198 1200 1200 1200 1200 1200 1200 1200 1200 1199 1194 1189 1186 1183 1180 1182 1188 1190 1190 1190 1188 1182 1178 1161 1161 1162 1178 1180 1180 1180 1181 1181 1178 1182 1198 1211 1219 1220 1220 1222 1221 1220 1218 1212 1210 1209 1206 1202 1208 1213 1218 1218 1213 1211
1279 1270 1258 1240 1237 1241 1251 1260 1259 1250 1240 1235 1240 1248 1250 1251 1251 1250 1250 1248 1242 1238 1230 1222 1213 1210 1207 1201 1200 1202 1207 1209 1209 1209 1209 1210 1210 1210 1209 1205 1201 1197 1192 1190 1189 1192 1198 1200 1200 1200 1198 1190 1182 1179 1180 1182 1198 1200 1200 1199 1199 1198 1189 1198 1201 1218 1226 1229 1231 1238 1234 1231 1228 1222 1220 1218 1214 1213 1218 1222 1226 1225 1221 1220
1287 1278 1262 1254 1249 1251 1262 1269 1269 1260 1248 1241 1248 1258 1260 1260 1260 1260 1260 1258 1252 1247 1242 1238 1222 1220 1218 1213 1215 1220 1221 1221 1221 1221 1221 1221 1220 1220 1218 1213 1210 1208 1202 1201 1201 1202 1207 1209 1209 1209 1207 1202 1200 1195 1192 1198 1209 1212 1211 1211 1210 1209 1205 1210 1220 1229 1234 1239 1241 1244 1242 1240 1240 1238 1232 1228 1221 1221 1228 1231 1233 1232 1231 1233
1293 1281 1269 1261 1259 1262 1278 1281 1280 1270 1261 1258 1260 1266 1270 1271 1270 1270 1270 1266 1260 1255 1250 1246 1238 1231 1226 1222 1230 1238 1239 1239 1239 1240 1239 1238 1233 1229 1225 1221 1222 1223 1220 1218 1220 1220 1221 1220 1220 1221 1222 1221 1218 1203 1201 1208 1218 1222 1222 1222 1222 1221 1220 1222 1238 1241 1242 1249 1251 1252 1251 1250 1249 1246 1242 1240 1231 1231 1238 1240 1241 1240 1240 1241
