toolbox/data/grindelwald.txt
ncols         1100
nrows         700
xllcorner     637000
yllcorner     158000
cellsize      10
NODATA_value  -9999
[rows 342 to 379 of 700, columns 924 to 1007 of 1100]
1920 1919 1911 1900 1890 1881 1876 1873 1870 1865 1859 1854 1849 1845 1840 1836 1833 1828 1820 1811 1798 1780 1762 1749 1740 1734 1728 1724 1720 1716 1710 1704 1699 1690 1680 1673 1668 1663 1660 1654 1648 1641 1636 1631 1625 1621 1618 1614 1609 1601 1590 1581 1570 1560 1553 1548 1543 1539 1533 1527 1521 1516 1510 1504 1500 1495 1482 1459 1422 1398 1377 1358 1341 1325 1312 1302 1295 1289 1282 1280 1281 1282 1277 1258
1928 1924 1918 1908 1898 1888 1881 1876 1873 1867 1861 1857 1853 1849 1844 1840 1837 1833 1828 1821 1811 1798 1778 1760 1747 1738 1731 1727 1723 1719 1710 1701 1696 1688 1681 1675 1670 1665 1661 1656 1651 1644 1639 1633 1628 1623 1619 1615 1611 1607 1602 1598 1582 1569 1559 1551 1546 1541 1536 1531 1524 1519 1512 1506 1501 1498 1492 1478 1438 1402 1385 1366 1348 1332 1319 1308 1300 1293 1286 1281 1280 1280 1274 1258
1935 1930 1922 1913 1902 1893 1886 1880 1876 1871 1865 1860 1856 1852 1847 1843 1840 1836 1833 1827 1819 1802 1787 1770 1753 1740 1732 1727 1724 1719 1710 1701 1696 1690 1684 1679 1673 1668 1664 1660 1655 1648 1641 1636 1631 1626 1621 1617 1615 1614 1613 1611 1598 1579 1562 1554 1548 1543 1539 1533 1526 1520 1513 1507 1502 1499 1494 1479 1448 1417 1398 1375 1356 1339 1326 1315 1307 1300 1292 1286 1279 1273 1260 1237
1940 1935 1928 1920 1908 1899 1890 1884 1880 1875 1870 1864 1859 1854 1850 1845 1841 1838 1836 1833 1828 1818 1801 1781 1761 1742 1733 1729 1725 1720 1712 1705 1700 1694 1688 1681 1676 1671 1667 1663 1659 1651 1644 1639 1635 1630 1624 1620 1619 1620 1620 1618 1601 1582 1570 1559 1551 1545 1540 1534 1527 1520 1514 1509 1504 1500 1492 1477 1451 1423 1400 1379 1361 1345 1332 1322 1313 1306 1299 1291 1282 1273 1258 1237
1945 1940 1932 1922 1912 1902 1894 1889 1884 1880 1874 1868 1861 1857 1852 1848 1843 1840 1838 1836 1834 1829 1818 1801 1780 1757 1741 1734 1729 1721 1715 1709 1704 1700 1693 1686 1679 1674 1669 1665 1660 1653 1646 1641 1639 1634 1629 1625 1622 1624 1623 1618 1601 1589 1578 1562 1552 1546 1541 1536 1529 1521 1516 1511 1506 1500 1491 1476 1452 1425 1400 1381 1365 1351 1339 1329 1320 1313 1306 1298 1288 1278 1260 1241
1952 1947 1940 1930 1920 1910 1901 1894 1889 1884 1880 1873 1866 1860 1856 1851 1847 1843 1840 1838 1837 1834 1829 1818 1798 1773 1753 1741 1733 1726 1720 1714 1709 1704 1698 1690 1682 1676 1671 1666 1661 1656 1650 1646 1643 1640 1635 1631 1628 1628 1626 1618 1601 1589 1578 1562 1554 1549 1543 1539 1531 1524 1519 1514 1508 1501 1493 1478 1456 1429 1402 1386 1372 1358 1346 1335 1326 1318 1310 1301 1290 1278 1262 1248
1960 1954 1947 1939 1930 1920 1910 1901 1894 1888 1884 1879 1872 1865 1860 1855 1850 1846 1842 1840 1838 1836 1831 1820 1800 1781 1764 1750 1740 1732 1725 1720 1715 1708 1701 1695 1688 1681 1675 1670 1664 1660 1655 1651 1648 1644 1640 1636 1633 1631 1627 1618 1601 1590 1579 1566 1559 1552 1546 1540 1533 1527 1521 1516 1511 1506 1498 1484 1464 1440 1418 1398 1381 1366 1353 1341 1332 1324 1316 1308 1298 1282 1270 1258
1970 1961 1954 1947 1939 1930 1920 1910 1899 1892 1887 1881 1875 1870 1866 1860 1855 1850 1845 1841 1838 1835 1831 1820 1802 1788 1774 1761 1750 1740 1733 1729 1721 1714 1706 1700 1692 1685 1679 1673 1668 1664 1660 1656 1652 1648 1644 1640 1637 1633 1628 1620 1607 1598 1581 1568 1561 1554 1548 1541 1536 1529 1524 1519 1514 1509 1501 1491 1472 1449 1425 1402 1388 1373 1360 1348 1338 1330 1323 1317 1309 1298 1282 1262
1981 1971 1961 1953 1946 1938 1928 1918 1902 1895 1890 1885 1880 1876 1872 1866 1860 1854 1849 1844 1840 1837 1833 1827 1818 1801 1787 1774 1762 1751 1742 1740 1729 1719 1709 1701 1695 1688 1681 1676 1672 1668 1664 1660 1656 1652 1648 1644 1639 1634 1628 1620 1611 1600 1582 1572 1565 1559 1552 1545 1539 1532 1526 1520 1516 1512 1507 1498 1479 1456 1433 1412 1398 1381 1366 1354 1344 1336 1329 1324 1317 1309 1298 1278
1998 1982 1970 1961 1952 1942 1933 1922 1909 1901 1894 1889 1884 1881 1879 1873 1867 1860 1854 1849 1844 1840 1835 1829 1820 1811 1801 1788 1776 1766 1757 1742 1730 1720 1712 1705 1699 1692 1685 1680 1676 1672 1668 1664 1660 1656 1651 1646 1640 1634 1627 1620 1614 1607 1598 1582 1571 1562 1555 1548 1541 1535 1528 1521 1518 1514 1509 1500 1483 1462 1439 1418 1400 1385 1371 1359 1349 1341 1334 1329 1322 1314 1302 1288
2003 1998 1982 1970 1958 1948 1940 1930 1919 1910 1901 1894 1889 1885 1883 1880 1874 1867 1860 1855 1850 1845 1839 1831 1821 1820 1818 1802 1788 1776 1761 1742 1731 1721 1714 1708 1701 1695 1690 1685 1680 1676 1672 1668 1664 1659 1653 1647 1640 1634 1628 1621 1616 1611 1602 1592 1579 1567 1560 1552 1545 1539 1532 1525 1520 1515 1509 1500 1485 1466 1444 1422 1402 1390 1377 1364 1354 1345 1338 1332 1325 1317 1304 1288
2007 2002 1991 1978 1962 1953 1946 1938 1928 1919 1910 1901 1894 1890 1888 1885 1880 1873 1866 1860 1855 1850 1845 1839 1832 1830 1828 1818 1802 1787 1769 1751 1738 1727 1720 1713 1706 1700 1695 1690 1685 1680 1676 1671 1666 1661 1656 1649 1641 1636 1630 1625 1620 1616 1609 1600 1582 1569 1560 1553 1547 1541 1535 1527 1520 1514 1508 1500 1487 1470 1450 1430 1411 1398 1384 1371 1359 1350 1342 1335 1328 1319 1306 1288
2012 2008 1998 1982 1969 1958 1951 1942 1934 1927 1920 1910 1901 1896 1894 1892 1886 1879 1872 1866 1860 1855 1850 1845 1840 1837 1835 1828 1818 1799 1779 1759 1742 1732 1724 1719 1712 1705 1700 1695 1689 1684 1679 1674 1669 1664 1659 1651 1644 1639 1634 1629 1624 1620 1611 1600 1581 1569 1560 1554 1549 1544 1538 1529 1520 1514 1508 1501 1491 1477 1458 1438 1419 1402 1390 1377 1365 1355 1346 1338 1330 1321 1308 1291
2016 2014 2008 1998 1980 1961 1958 1950 1941 1933 1927 1919 1909 1902 1901 1898 1889 1881 1876 1870 1864 1859 1854 1848 1843 1840 1836 1830 1820 1802 1788 1769 1751 1738 1728 1721 1716 1710 1704 1699 1693 1687 1681 1677 1672 1666 1660 1653 1646 1641 1637 1632 1627 1620 1611 1599 1581 1569 1561 1556 1552 1547 1540 1531 1522 1516 1511 1505 1498 1484 1467 1447 1428 1411 1398 1384 1371 1360 1350 1342 1333 1324 1313 1300
2020 2018 2013 2007 1998 1981 1970 1960 1950 1941 1933 1926 1919 1913 1910 1900 1891 1884 1880 1873 1867 1861 1856 1849 1843 1839 1835 1829 1820 1809 1798 1778 1757 1740 1730 1725 1720 1714 1708 1701 1696 1690 1684 1679 1674 1667 1660 1654 1648 1643 1639 1634 1627 1620 1611 1598 1580 1570 1563 1559 1555 1549 1541 1534 1526 1519 1514 1508 1501 1491 1475 1457 1437 1419 1402 1390 1378 1366 1355 1346 1336 1326 1314 1299
2023 2021 2016 2009 2006 1998 1982 1970 1960 1950 1941 1933 1927 1922 1920 1902 1893 1886 1881 1876 1870 1864 1859 1850 1841 1837 1833 1827 1820 1810 1800 1783 1762 1742 1733 1730 1725 1719 1712 1705 1699 1693 1687 1681 1676 1668 1660 1654 1649 1644 1640 1634 1628 1620 1610 1599 1582 1573 1566 1562 1559 1552 1545 1538 1529 1521 1516 1512 1506 1498 1484 1466 1447 1428 1411 1398 1385 1372 1361 1350 1340 1329 1316 1302
2027 2024 2020 2015 2010 2002 1991 1979 1967 1958 1948 1940 1934 1931 1928 1918 1902 1892 1884 1879 1873 1867 1860 1852 1842 1836 1832 1826 1820 1811 1802 1790 1773 1758 1741 1735 1730 1722 1715 1708 1700 1695 1689 1684 1679 1670 1661 1655 1650 1645 1640 1635 1628 1620 1612 1606 1598 1581 1569 1563 1559 1553 1547 1540 1532 1525 1520 1516 1510 1501 1491 1475 1456 1437 1418 1402 1391 1378 1366 1355 1345 1334 1322 1309
2031 2028 2024 2019 2014 2007 1998 1982 1972 1961 1953 1946 1940 1937 1934 1928 1918 1900 1889 1881 1876 1871 1865 1859 1850 1839 1833 1827 1821 1815 1807 1798 1779 1762 1750 1742 1738 1728 1720 1710 1701 1696 1691 1686 1680 1670 1661 1656 1651 1645 1640 1635 1629 1621 1615 1608 1599 1581 1569 1561 1558 1554 1548 1541 1535 1530 1525 1520 1514 1507 1498 1483 1465 1445 1426 1410 1398 1384 1371 1360 1350 1340 1329 1315
2037 2033 2028 2023 2017 2011 2001 1990 1978 1967 1960 1953 1946 1941 1937 1930 1919 1902 1893 1886 1880 1875 1870 1865 1858 1842 1835 1828 1824 1820 1810 1799 1782 1770 1760 1750 1740 1730 1720 1710 1703 1699 1693 1687 1680 1672 1664 1659 1653 1647 1641 1638 1631 1625 1620 1611 1599 1581 1570 1563 1560 1556 1551 1545 1540 1535 1530 1525 1519 1511 1502 1491 1473 1453 1433 1415 1400 1387 1375 1364 1354 1346 1338 1328
2044 2038 2032 2027 2021 2015 2008 1998 1981 1971 1967 1960 1953 1947 1940 1933 1921 1909 1900 1892 1886 1880 1875 1869 1860 1848 1839 1830 1824 1819 1810 1800 1788 1778 1762 1752 1742 1732 1720 1711 1704 1699 1693 1687 1680 1672 1666 1660 1654 1648 1643 1640 1631 1625 1619 1610 1599 1581 1571 1566 1563 1560 1555 1550 1545 1540 1535 1529 1523 1516 1508 1498 1480 1459 1438 1417 1400 1388 1377 1367 1357 1349 1341 1335
2052 2044 2037 2030 2025 2020 2014 2008 1998 1982 1978 1970 1960 1953 1946 1938 1927 1918 1908 1900 1893 1886 1880 1873 1862 1852 1840 1830 1822 1818 1810 1800 1790 1781 1770 1758 1748 1738 1722 1713 1706 1700 1695 1688 1680 1673 1666 1660 1654 1647 1641 1635 1627 1620 1614 1606 1598 1581 1574 1569 1567 1564 1560 1555 1550 1545 1539 1533 1526 1519 1510 1500 1483 1463 1442 1419 1400 1388 1379 1369 1360 1352 1346 1340
2062 2052 2043 2035 2028 2023 2019 2014 2008 1998 1990 1978 1967 1958 1949 1941 1932 1922 1914 1906 1899 1891 1885 1878 1869 1858 1841 1832 1825 1820 1810 1800 1793 1786 1778 1762 1754 1747 1738 1722 1713 1708 1701 1692 1682 1675 1668 1661 1655 1648 1639 1631 1622 1617 1609 1601 1594 1585 1579 1575 1571 1568 1564 1560 1555 1548 1540 1534 1528 1520 1511 1500 1486 1468 1447 1424 1402 1391 1381 1373 1362 1355 1350 1345
2076 2063 2051 2040 2033 2027 2023 2018 2013 2006 1998 1982 1971 1961 1953 1946 1939 1930 1921 1912 1902 1895 1888 1881 1873 1860 1847 1839 1831 1822 1812 1802 1795 1788 1780 1768 1759 1750 1740 1728 1721 1718 1711 1699 1687 1679 1671 1665 1660 1651 1639 1632 1625 1618 1609 1601 1595 1589 1584 1580 1576 1573 1569 1564 1559 1550 1541 1536 1530 1522 1512 1501 1491 1476 1456 1433 1415 1399 1385 1378 1367 1360 1355 1350
2098 2080 2062 2048 2039 2032 2027 2022 2016 2010 2006 1998 1982 1970 1960 1953 1946 1939 1930 1920 1910 1899 1892 1885 1878 1862 1852 1845 1839 1830 1820 1810 1801 1792 1782 1772 1760 1750 1740 1732 1727 1724 1718 1701 1689 1680 1674 1669 1665 1658 1641 1638 1630 1621 1613 1605 1600 1594 1588 1584 1580 1576 1571 1566 1560 1552 1544 1539 1532 1526 1518 1509 1500 1486 1464 1436 1412 1398 1382 1376 1369 1363 1360 1355
2132 2102 2078 2060 2048 2039 2032 2026 2021 2015 2010 2002 1991 1980 1970 1961 1953 1947 1940 1930 1918 1902 1895 1887 1879 1867 1858 1851 1845 1838 1829 1819 1810 1800 1790 1780 1762 1752 1742 1735 1730 1726 1718 1702 1690 1680 1678 1674 1672 1668 1659 1650 1640 1630 1620 1612 1605 1599 1592 1587 1583 1579 1574 1567 1560 1553 1546 1540 1535 1530 1525 1518 1510 1498 1472 1436 1402 1389 1380 1374 1369 1364 1361 1358
2172 2137 2102 2078 2061 2050 2041 2034 2027 2020 2014 2006 1998 1988 1979 1970 1961 1954 1947 1938 1922 1909 1900 1889 1881 1871 1861 1854 1848 1841 1834 1827 1820 1810 1799 1782 1770 1760 1750 1739 1732 1726 1719 1705 1697 1689 1686 1682 1681 1681 1678 1662 1650 1640 1630 1620 1610 1602 1595 1590 1585 1581 1576 1569 1561 1555 1548 1542 1538 1535 1531 1525 1517 1502 1482 1441 1402 1386 1380 1373 1369 1365 1362 1360
2198 2171 2134 2102 2080 2064 2053 2043 2034 2026 2018 2010 2002 1994 1987 1979 1970 1961 1955 1948 1938 1920 1902 1892 1885 1878 1869 1861 1854 1847 1840 1834 1827 1820 1810 1798 1782 1770 1758 1741 1732 1725 1719 1712 1707 1701 1699 1698 1693 1690 1682 1671 1660 1650 1640 1629 1618 1608 1600 1594 1589 1584 1580 1574 1567 1560 1553 1547 1544 1541 1538 1533 1525 1512 1498 1448 1402 1387 1379 1373 1369 1366 1364 1363
2214 2198 2164 2130 2102 2082 2068 2054 2043 2033 2024 2015 2007 2000 1994 1987 1978 1967 1960 1952 1942 1931 1918 1902 1892 1885 1879 1870 1861 1853 1846 1840 1834 1828 1820 1809 1798 1779 1760 1741 1732 1727 1722 1722 1719 1712 1708 1706 1702 1700 1691 1680 1670 1660 1650 1639 1628 1617 1608 1600 1594 1589 1584 1580 1573 1566 1560 1554 1550 1548 1545 1540 1533 1520 1498 1448 1401 1390 1380 1374 1370 1367 1366 1365
2218 2202 2181 2153 2124 2101 2084 2066 2052 2040 2030 2022 2014 2007 2001 1992 1980 1969 1961 1955 1949 1940 1930 1918 1900 1890 1884 1878 1868 1859 1850 1842 1837 1833 1826 1818 1800 1780 1760 1742 1734 1733 1734 1738 1732 1722 1715 1711 1707 1704 1698 1689 1680 1671 1661 1649 1637 1626 1616 1607 1600 1594 1589 1585 1580 1573 1566 1560 1557 1554 1551 1546 1537 1523 1498 1449 1402 1389 1381 1376 1372 1369 1368 1367
2225 2213 2198 2172 2144 2118 2098 2076 2059 2047 2037 2029 2022 2015 2007 1998 1980 1970 1963 1960 1955 1948 1938 1920 1901 1893 1888 1881 1872 1862 1854 1847 1841 1835 1823 1810 1794 1778 1762 1748 1740 1739 1739 1742 1739 1730 1721 1715 1711 1706 1701 1695 1688 1680 1670 1659 1647 1635 1624 1615 1607 1600 1595 1591 1586 1580 1573 1567 1563 1559 1555 1549 1540 1524 1498 1457 1418 1398 1385 1379 1374 1371 1370 1370
2233 2220 2202 2184 2157 2127 2100 2079 2064 2053 2044 2036 2029 2022 2013 2000 1981 1971 1966 1963 1959 1951 1939 1922 1908 1900 1893 1886 1878 1868 1860 1854 1847 1838 1820 1802 1791 1781 1780 1762 1750 1742 1740 1741 1740 1736 1727 1719 1714 1709 1705 1700 1695 1687 1678 1666 1654 1643 1633 1623 1614 1607 1601 1598 1593 1587 1580 1574 1569 1564 1559 1552 1541 1524 1499 1466 1429 1401 1386 1380 1376 1374 1373 1373
2244 2232 2216 2198 2168 2132 2100 2080 2070 2061 2053 2045 2038 2030 2021 2011 1998 1982 1973 1966 1960 1952 1941 1930 1918 1908 1900 1892 1882 1873 1866 1859 1850 1838 1821 1808 1801 1799 1800 1789 1769 1749 1741 1740 1740 1740 1731 1722 1716 1712 1709 1704 1700 1691 1680 1670 1660 1650 1640 1631 1623 1616 1610 1606 1600 1593 1586 1580 1575 1570 1564 1556 1544 1526 1502 1478 1438 1401 1385 1380 1377 1376 1376 1376
2257 2245 2227 2202 2177 2139 2101 2085 2080 2072 2063 2055 2047 2039 2030 2020 2010 1998 1982 1972 1962 1955 1947 1938 1922 1913 1907 1900 1890 1879 1870 1861 1853 1839 1828 1822 1820 1821 1821 1818 1798 1762 1746 1740 1739 1739 1734 1726 1720 1716 1712 1707 1701 1693 1682 1674 1666 1657 1648 1639 1632 1625 1620 1614 1608 1600 1593 1586 1580 1575 1569 1561 1549 1535 1518 1498 1449 1402 1388 1381 1380 1380 1380 1380
2272 2262 2245 2221 2198 2159 2123 2102 2098 2087 2076 2066 2057 2048 2037 2026 2014 2001 1988 1978 1967 1959 1951 1941 1930 1921 1914 1907 1898 1882 1874 1867 1858 1840 1838 1838 1839 1838 1831 1821 1814 1798 1760 1743 1739 1739 1736 1730 1724 1719 1714 1710 1705 1699 1690 1681 1672 1663 1654 1647 1640 1635 1630 1624 1618 1609 1601 1593 1587 1581 1574 1566 1555 1541 1523 1499 1457 1418 1398 1387 1383 1384 1385 1385
2287 2281 2263 2234 2202 2176 2148 2126 2114 2100 2088 2078 2067 2057 2045 2031 2017 2002 1992 1980 1968 1960 1954 1947 1939 1931 1922 1912 1900 1888 1880 1872 1861 1850 1849 1850 1848 1843 1838 1829 1820 1801 1762 1745 1740 1739 1738 1733 1726 1720 1716 1713 1710 1705 1699 1691 1679 1668 1659 1653 1648 1643 1639 1634 1628 1620 1610 1601 1593 1587 1580 1571 1560 1545 1525 1498 1464 1428 1400 1389 1387 1389 1392 1391
2298 2298 2283 2252 2221 2198 2171 2148 2130 2115 2101 2089 2078 2066 2052 2037 2022 2009 1998 1981 1969 1960 1958 1953 1947 1939 1930 1917 1902 1893 1886 1879 1869 1861 1859 1859 1855 1848 1842 1836 1829 1818 1798 1762 1746 1741 1739 1733 1727 1721 1718 1715 1713 1710 1706 1698 1681 1670 1663 1658 1654 1650 1646 1641 1638 1630 1620 1610 1601 1593 1586 1578 1566 1550 1528 1501 1475 1440 1402 1391 1392 1395 1398 1397
2301 2305 2298 2266 2232 2202 2185 2164 2145 2127 2112 2100 2089 2075 2059 2043 2027 2012 1998 1981 1972 1966 1963 1959 1952 1946 1938 1925 1910 1900 1892 1885 1879 1872 1868 1864 1859 1852 1846 1839 1832 1821 1808 1781 1755 1744 1739 1734 1728 1723 1720 1717 1715 1713 1708 1699 1682 1673 1667 1663 1660 1656 1652 1649 1646 1639 1630 1618 1610 1601 1593 1585 1574 1559 1541 1521 1500 1468 1419 1400 1398 1399 1401 1401
2308 2308 2299 2271 2238 2211 2198 2176 2154 2136 2121 2109 2098 2083 2066 2048 2030 2014 1999 1986 1979 1973 1968 1964 1958 1951 1942 1931 1918 1907 1898 1890 1885 1880 1874 1869 1862 1855 1848 1841 1836 1828 1818 1798 1762 1748 1740 1735 1731 1725 1721 1718 1716 1714 1712 1706 1698 1682 1674 1668 1664 1660 1657 1654 1651 1647 1638 1622 1619 1609 1600 1592 1582 1570 1555 1540 1525 1498 1422 1400 1398 1401 1403 1405
