toolbox/data/grindelwald.txt
ncols         1100
nrows         700
xllcorner     637000
yllcorner     158000
cellsize      10
NODATA_value  -9999
[rows 418 to 455 of 700, columns 336 to 419 of 1100]
2060 2059 2056 2052 2049 2045 2041 2040 2040 2040 2040 2040 2038 2030 2022 2019 2016 2012 2009 2007 2005 2004 2003 2001 1998 1994 1990 1987 1983 1981 1980 1977 1974 1972 1969 1967 1965 1962 1960 1958 1955 1952 1950 1947 1944 1939 1933 1926 1921 1919 1920 1920 1921 1920 1919 1916 1913 1909 1906 1903 1900 1897 1894 1891 1887 1883 1880 1878 1875 1872 1868 1864 1861 1858 1856 1853 1850 1848 1847 1846 1845 1844 1843 1842
2065 2063 2061 2059 2058 2052 2047 2045 2044 2044 2044 2044 2043 2039 2032 2026 2020 2016 2012 2010 2008 2006 2004 2002 2000 1996 1991 1987 1984 1981 1980 1977 1975 1972 1970 1967 1965 1963 1960 1959 1957 1954 1952 1949 1946 1943 1938 1931 1924 1921 1920 1920 1920 1920 1918 1916 1913 1910 1907 1905 1902 1900 1897 1894 1890 1887 1883 1880 1877 1874 1870 1866 1863 1860 1857 1854 1851 1849 1848 1847 1846 1845 1844 1844
2069 2066 2063 2061 2060 2056 2051 2049 2048 2047 2047 2046 2045 2043 2039 2034 2027 2020 2016 2013 2010 2008 2006 2003 2000 1996 1992 1987 1984 1980 1979 1977 1975 1972 1970 1968 1965 1963 1961 1960 1958 1956 1953 1950 1947 1944 1940 1933 1928 1923 1922 1921 1920 1919 1918 1916 1913 1911 1909 1906 1904 1902 1900 1897 1893 1890 1886 1883 1880 1876 1872 1869 1866 1863 1860 1857 1853 1850 1849 1848 1848 1846 1846 1845
2070 2066 2063 2060 2059 2056 2053 2051 2050 2048 2047 2046 2045 2044 2042 2039 2032 2026 2020 2016 2013 2010 2007 2004 2000 1996 1991 1987 1983 1980 1979 1977 1975 1972 1970 1968 1966 1964 1962 1960 1959 1957 1954 1951 1948 1944 1940 1935 1930 1926 1923 1921 1920 1919 1917 1915 1914 1911 1909 1907 1905 1904 1902 1899 1896 1892 1888 1884 1881 1878 1875 1871 1868 1866 1863 1860 1856 1853 1851 1850 1849 1847 1847 1847
2070 2065 2061 2059 2058 2056 2054 2052 2050 2048 2047 2045 2044 2043 2042 2040 2035 2030 2025 2020 2016 2012 2008 2004 2000 1996 1991 1987 1984 1981 1980 1977 1974 1972 1969 1967 1965 1964 1962 1961 1959 1957 1954 1951 1947 1944 1940 1936 1932 1929 1925 1922 1920 1918 1917 1915 1914 1912 1910 1908 1906 1904 1902 1900 1897 1893 1889 1886 1882 1880 1877 1874 1871 1868 1866 1863 1860 1856 1853 1851 1849 1848 1848 1848
2071 2066 2061 2059 2058 2056 2054 2051 2049 2047 2045 2044 2043 2042 2041 2040 2037 2034 2030 2025 2019 2014 2010 2005 2000 1995 1991 1987 1984 1981 1979 1977 1974 1971 1969 1966 1964 1963 1961 1960 1958 1956 1953 1950 1947 1944 1941 1938 1935 1931 1927 1924 1921 1919 1917 1916 1914 1912 1910 1907 1905 1903 1902 1900 1897 1893 1890 1886 1883 1880 1878 1876 1873 1871 1868 1865 1863 1860 1856 1853 1851 1850 1850 1850
2071 2067 2063 2061 2059 2057 2054 2051 2048 2046 2044 2042 2041 2040 2040 2039 2038 2036 2033 2029 2022 2017 2012 2006 2000 1996 1992 1987 1984 1980 1978 1975 1972 1970 1967 1965 1963 1962 1960 1959 1957 1955 1952 1950 1947 1944 1942 1940 1937 1934 1930 1926 1923 1920 1918 1917 1915 1912 1910 1907 1904 1902 1900 1898 1896 1893 1890 1887 1884 1882 1880 1877 1875 1872 1870 1868 1865 1863 1860 1857 1855 1854 1852 1851
2072 2069 2066 2063 2060 2057 2054 2050 2047 2044 2042 2040 2040 2039 2039 2039 2038 2036 2034 2031 2028 2021 2015 2008 2001 1997 1992 1988 1984 1980 1977 1974 1971 1968 1966 1964 1962 1960 1959 1957 1956 1953 1951 1949 1947 1945 1943 1941 1939 1936 1932 1928 1925 1922 1920 1918 1916 1913 1910 1907 1903 1900 1899 1897 1894 1892 1889 1886 1884 1882 1880 1878 1876 1874 1872 1869 1867 1865 1863 1860 1859 1857 1855 1854
2072 2069 2066 2063 2060 2057 2053 2050 2046 2043 2040 2039 2038 2038 2038 2038 2037 2036 2035 2032 2030 2024 2019 2011 2004 1999 1994 1989 1984 1980 1976 1973 1969 1966 1964 1962 1961 1960 1958 1956 1954 1952 1950 1948 1946 1944 1943 1942 1940 1937 1933 1930 1926 1924 1922 1920 1917 1913 1910 1906 1903 1900 1898 1896 1893 1891 1889 1886 1884 1882 1880 1878 1876 1874 1873 1871 1869 1867 1865 1863 1862 1860 1858 1856
2072 2069 2066 2063 2060 2057 2053 2049 2045 2042 2040 2038 2037 2037 2037 2037 2036 2036 2034 2031 2028 2023 2019 2013 2006 2000 1995 1990 1985 1980 1976 1972 1968 1965 1963 1961 1960 1959 1957 1956 1953 1951 1949 1947 1945 1944 1943 1941 1940 1937 1933 1930 1927 1924 1922 1920 1916 1913 1909 1906 1903 1900 1898 1895 1893 1891 1888 1885 1883 1881 1880 1878 1876 1875 1873 1872 1870 1868 1867 1865 1864 1862 1860 1858
2071 2068 2065 2062 2060 2056 2052 2048 2044 2040 2038 2037 2036 2035 2035 2035 2035 2035 2033 2030 2025 2020 2017 2012 2006 2001 1997 1991 1986 1980 1976 1972 1968 1965 1961 1960 1959 1958 1957 1955 1952 1950 1948 1945 1944 1942 1941 1940 1938 1936 1933 1929 1926 1923 1921 1918 1916 1912 1909 1906 1903 1900 1898 1895 1893 1890 1888 1885 1883 1880 1879 1878 1877 1875 1874 1872 1871 1869 1868 1866 1865 1863 1862 1860
2071 2067 2064 2061 2058 2055 2051 2047 2043 2040 2037 2035 2034 2034 2034 2034 2034 2034 2033 2029 2022 2018 2015 2011 2007 2003 1999 1993 1987 1981 1977 1973 1969 1965 1961 1960 1959 1958 1956 1954 1952 1949 1946 1944 1942 1941 1940 1938 1936 1934 1931 1928 1925 1922 1920 1917 1914 1911 1908 1905 1902 1900 1898 1896 1893 1891 1888 1885 1883 1880 1879 1878 1877 1876 1875 1873 1871 1870 1868 1867 1866 1864 1863 1861
2070 2067 2064 2060 2057 2054 2050 2046 2042 2039 2036 2033 2032 2032 2033 2033 2033 2033 2032 2028 2021 2017 2014 2010 2007 2003 2000 1995 1989 1984 1980 1976 1972 1968 1964 1961 1960 1958 1956 1953 1951 1948 1945 1943 1941 1940 1937 1936 1934 1932 1929 1927 1924 1921 1918 1916 1913 1910 1907 1905 1902 1900 1898 1896 1894 1892 1889 1886 1884 1882 1880 1879 1878 1877 1875 1873 1871 1870 1868 1867 1866 1864 1863 1862
2069 2066 2063 2060 2057 2053 2049 2045 2040 2037 2033 2031 2030 2031 2031 2032 2031 2031 2030 2026 2020 2017 2013 2010 2007 2004 2000 1996 1991 1986 1983 1979 1975 1971 1967 1964 1960 1958 1955 1953 1950 1947 1944 1942 1940 1938 1936 1934 1932 1930 1928 1925 1922 1920 1917 1914 1911 1908 1906 1904 1902 1900 1899 1897 1895 1893 1890 1888 1885 1883 1881 1880 1879 1877 1876 1873 1871 1869 1867 1865 1865 1864 1863 1861
2068 2066 2063 2060 2056 2052 2048 2044 2040 2035 2031 2030 2029 2029 2030 2030 2030 2029 2027 2024 2020 2017 2014 2010 2007 2004 2000 1997 1993 1989 1985 1981 1977 1973 1968 1963 1960 1957 1954 1952 1949 1946 1943 1940 1939 1937 1935 1933 1930 1928 1926 1923 1921 1918 1915 1912 1909 1907 1905 1903 1902 1901 1900 1898 1896 1893 1891 1889 1886 1884 1883 1881 1880 1878 1876 1873 1870 1867 1865 1863 1863 1862 1860 1859
2066 2064 2062 2059 2056 2052 2048 2044 2040 2035 2030 2029 2027 2027 2027 2027 2027 2026 2025 2023 2020 2017 2014 2011 2008 2004 2001 1998 1994 1990 1986 1983 1979 1974 1967 1962 1959 1957 1954 1951 1948 1946 1943 1940 1939 1937 1934 1931 1928 1926 1924 1922 1919 1916 1912 1909 1906 1904 1903 1902 1901 1901 1900 1898 1896 1894 1891 1889 1887 1885 1884 1882 1880 1878 1875 1872 1869 1865 1863 1861 1860 1859 1856 1851
2065 2062 2060 2057 2054 2050 2046 2043 2039 2035 2032 2029 2027 2025 2024 2024 2024 2023 2022 2020 2019 2017 2014 2011 2008 2005 2002 2000 1995 1991 1987 1983 1979 1974 1968 1963 1960 1957 1953 1951 1948 1945 1943 1941 1939 1936 1932 1929 1926 1924 1922 1920 1917 1913 1910 1906 1904 1902 1900 1900 1900 1900 1898 1897 1895 1893 1891 1889 1887 1885 1883 1882 1880 1877 1874 1871 1868 1864 1861 1859 1857 1855 1850 1845
2062 2060 2057 2054 2051 2047 2043 2040 2038 2034 2032 2029 2026 2023 2022 2022 2021 2020 2020 2019 2018 2016 2014 2011 2008 2005 2003 2000 1995 1990 1985 1981 1977 1973 1968 1964 1960 1956 1953 1950 1947 1944 1942 1940 1937 1934 1930 1926 1923 1921 1919 1917 1914 1910 1906 1903 1901 1900 1898 1898 1897 1897 1896 1894 1892 1891 1889 1888 1886 1884 1882 1880 1878 1875 1872 1869 1866 1863 1860 1857 1855 1851 1847 1841
2060 2058 2055 2052 2048 2044 2041 2038 2036 2033 2030 2028 2024 2022 2020 2020 2019 2018 2018 2017 2017 2015 2013 2011 2008 2005 2002 1999 1994 1989 1983 1980 1976 1972 1968 1964 1960 1956 1953 1949 1945 1942 1940 1938 1935 1931 1927 1923 1920 1918 1916 1913 1910 1906 1903 1900 1898 1897 1896 1895 1894 1893 1892 1891 1889 1888 1887 1886 1884 1882 1880 1877 1875 1872 1870 1867 1865 1862 1860 1856 1853 1849 1845 1840
2058 2055 2052 2049 2046 2042 2040 2037 2035 2032 2030 2027 2023 2021 2019 2018 2017 2017 2016 2016 2015 2014 2012 2010 2007 2004 2001 1997 1992 1987 1981 1978 1974 1971 1967 1964 1960 1956 1952 1948 1944 1941 1939 1936 1933 1929 1925 1921 1918 1915 1912 1909 1906 1903 1900 1897 1895 1894 1893 1892 1891 1890 1889 1887 1886 1884 1884 1883 1881 1879 1876 1873 1870 1869 1867 1864 1862 1860 1857 1854 1851 1847 1843 1839
2054 2052 2050 2047 2044 2040 2038 2036 2033 2031 2029 2026 2023 2021 2020 2018 2017 2016 2015 2015 2014 2013 2011 2009 2005 2002 1999 1995 1990 1985 1980 1976 1973 1969 1966 1963 1960 1956 1952 1948 1944 1941 1938 1936 1932 1928 1924 1920 1916 1913 1910 1906 1903 1900 1897 1895 1893 1891 1890 1888 1887 1886 1885 1884 1882 1881 1880 1879 1877 1874 1870 1867 1865 1864 1863 1861 1860 1857 1854 1851 1848 1844 1840 1836
2051 2049 2047 2044 2042 2039 2037 2034 2032 2030 2028 2026 2024 2022 2020 2018 2016 2015 2014 2013 2013 2012 2010 2007 2003 2000 1996 1992 1987 1983 1979 1975 1971 1968 1965 1962 1960 1956 1952 1948 1945 1942 1940 1936 1932 1928 1923 1920 1916 1912 1908 1904 1901 1898 1895 1893 1890 1888 1887 1885 1884 1883 1882 1880 1879 1877 1876 1875 1872 1868 1864 1861 1860 1860 1859 1857 1856 1854 1851 1848 1844 1840 1836 1832
2049 2047 2045 2042 2040 2038 2035 2033 2031 2029 2027 2025 2023 2022 2020 2018 2016 2015 2013 2012 2011 2010 2008 2005 2001 1997 1993 1988 1984 1980 1976 1972 1968 1965 1962 1960 1958 1955 1951 1948 1945 1943 1940 1936 1931 1927 1922 1919 1915 1911 1907 1903 1900 1897 1894 1891 1888 1886 1884 1883 1882 1880 1880 1878 1876 1874 1872 1870 1867 1864 1860 1857 1856 1855 1855 1853 1851 1849 1847 1844 1840 1836 1832 1828
2047 2045 2043 2040 2038 2036 2034 2031 2029 2027 2026 2024 2023 2021 2020 2018 2016 2014 2013 2011 2010 2008 2006 2003 1999 1994 1989 1984 1980 1976 1973 1969 1966 1963 1960 1958 1956 1953 1950 1948 1945 1943 1940 1936 1931 1925 1921 1918 1914 1910 1906 1902 1899 1896 1892 1889 1886 1884 1882 1880 1880 1878 1877 1875 1873 1871 1870 1867 1864 1861 1857 1854 1852 1851 1850 1848 1847 1845 1843 1840 1836 1832 1828 1824
2046 2044 2042 2040 2038 2035 2032 2030 2028 2026 2025 2023 2021 2020 2019 2017 2015 2014 2012 2010 2007 2005 2003 2000 1995 1990 1985 1980 1977 1973 1970 1966 1963 1960 1958 1956 1954 1951 1949 1946 1944 1942 1939 1935 1930 1925 1920 1917 1913 1909 1905 1901 1898 1894 1891 1888 1885 1882 1880 1879 1878 1877 1875 1873 1870 1869 1867 1865 1863 1860 1856 1852 1849 1847 1845 1844 1843 1841 1839 1836 1832 1827 1824 1820
2045 2043 2041 2040 2037 2034 2031 2029 2027 2025 2023 2022 2020 2019 2018 2016 2014 2012 2010 2007 2004 2000 1998 1993 1988 1984 1980 1977 1974 1971 1968 1964 1961 1959 1957 1954 1952 1949 1947 1945 1942 1940 1938 1934 1929 1924 1920 1917 1913 1909 1904 1900 1897 1893 1890 1887 1884 1881 1880 1878 1876 1875 1874 1872 1870 1868 1866 1864 1862 1859 1855 1850 1846 1843 1842 1840 1839 1837 1835 1831 1827 1823 1820 1817
2044 2042 2040 2038 2036 2033 2031 2028 2026 2024 2023 2021 2020 2018 2017 2015 2013 2010 2007 2004 1999 1992 1988 1985 1981 1979 1977 1974 1971 1969 1966 1964 1961 1959 1956 1953 1950 1947 1945 1942 1940 1938 1935 1932 1928 1924 1920 1918 1914 1909 1904 1900 1896 1892 1889 1885 1883 1880 1879 1877 1875 1873 1872 1871 1869 1867 1864 1862 1860 1857 1853 1848 1844 1841 1839 1838 1836 1834 1831 1827 1823 1820 1817 1815
2043 2040 2039 2037 2035 2032 2030 2027 2025 2024 2022 2020 2019 2017 2015 2013 2010 2007 2004 2000 1994 1986 1980 1979 1977 1975 1973 1971 1969 1967 1965 1962 1960 1957 1954 1951 1948 1945 1942 1940 1938 1936 1933 1930 1927 1924 1921 1919 1914 1908 1903 1899 1895 1891 1887 1884 1882 1880 1878 1876 1874 1872 1870 1869 1867 1865 1863 1860 1859 1855 1851 1846 1842 1840 1838 1836 1834 1831 1828 1824 1821 1818 1816 1813
2042 2040 2038 2036 2033 2030 2028 2026 2024 2023 2021 2020 2018 2016 2013 2011 2008 2004 2000 1995 1989 1983 1979 1976 1973 1972 1970 1969 1967 1966 1963 1961 1958 1955 1951 1948 1945 1943 1940 1938 1935 1934 1931 1929 1926 1923 1920 1917 1912 1906 1901 1897 1893 1890 1886 1883 1880 1878 1876 1874 1872 1870 1868 1866 1864 1862 1860 1858 1856 1853 1849 1844 1841 1838 1836 1835 1832 1830 1827 1823 1820 1818 1815 1813
2042 2040 2037 2034 2031 2028 2026 2025 2023 2022 2020 2018 2016 2013 2011 2008 2004 2000 1995 1990 1985 1980 1976 1972 1970 1969 1968 1967 1966 1964 1962 1959 1956 1952 1948 1945 1942 1940 1937 1935 1933 1931 1929 1927 1924 1921 1918 1914 1910 1905 1900 1896 1892 1888 1885 1882 1880 1877 1875 1872 1870 1867 1864 1863 1861 1859 1857 1855 1853 1850 1847 1843 1840 1838 1836 1834 1832 1829 1826 1823 1820 1818 1815 1812
2040 2039 2036 2032 2029 2026 2024 2023 2022 2020 2018 2016 2013 2011 2007 2004 2000 1995 1990 1985 1980 1976 1972 1969 1967 1966 1965 1965 1964 1962 1960 1957 1953 1948 1944 1941 1939 1937 1934 1931 1929 1928 1927 1925 1923 1920 1917 1913 1908 1903 1900 1895 1891 1887 1884 1881 1878 1876 1873 1870 1866 1863 1861 1859 1858 1856 1854 1852 1850 1847 1844 1842 1840 1837 1835 1833 1831 1829 1826 1824 1822 1819 1816 1812
2038 2036 2033 2030 2026 2023 2021 2020 2019 2018 2016 2013 2010 2007 2004 2000 1995 1990 1985 1980 1976 1972 1968 1966 1964 1963 1963 1963 1962 1960 1957 1953 1950 1945 1941 1938 1936 1933 1930 1928 1926 1924 1924 1923 1922 1919 1915 1911 1906 1901 1897 1893 1889 1885 1883 1880 1877 1874 1871 1867 1863 1860 1858 1856 1855 1853 1851 1849 1847 1845 1842 1840 1838 1837 1835 1833 1831 1829 1826 1824 1822 1820 1816 1812
2035 2033 2030 2027 2023 2020 2018 2017 2016 2014 2012 2010 2007 2004 2000 1996 1991 1986 1981 1976 1972 1968 1965 1962 1960 1960 1961 1961 1960 1957 1953 1949 1946 1943 1939 1936 1932 1929 1926 1924 1922 1921 1920 1920 1920 1917 1914 1909 1905 1900 1896 1892 1887 1883 1881 1879 1876 1873 1870 1865 1861 1858 1856 1854 1852 1850 1848 1846 1844 1842 1840 1838 1837 1835 1834 1832 1830 1828 1826 1824 1823 1820 1816 1811
2032 2030 2027 2024 2021 2018 2016 2014 2013 2011 2009 2006 2003 2000 1996 1993 1988 1984 1979 1974 1969 1966 1962 1960 1959 1959 1959 1959 1956 1952 1948 1945 1941 1939 1936 1933 1929 1926 1923 1920 1919 1918 1917 1916 1916 1914 1911 1908 1904 1900 1896 1891 1885 1881 1879 1875 1873 1872 1869 1865 1860 1857 1855 1852 1850 1848 1846 1844 1842 1840 1838 1837 1835 1834 1832 1831 1829 1827 1826 1824 1822 1820 1816 1810
2030 2027 2025 2022 2019 2016 2013 2011 2009 2007 2005 2003 2000 1997 1993 1989 1985 1981 1976 1971 1967 1963 1960 1958 1956 1955 1955 1954 1950 1947 1943 1940 1937 1935 1933 1929 1926 1923 1920 1918 1916 1915 1913 1912 1912 1910 1908 1906 1903 1900 1896 1891 1885 1880 1875 1870 1870 1869 1866 1863 1860 1857 1854 1851 1849 1846 1844 1842 1840 1838 1837 1835 1834 1832 1831 1829 1828 1826 1825 1823 1822 1819 1815 1810
2027 2025 2022 2020 2017 2014 2011 2008 2006 2004 2002 2000 1997 1994 1990 1987 1983 1979 1974 1968 1964 1960 1957 1955 1953 1952 1950 1948 1944 1941 1939 1937 1934 1932 1929 1926 1923 1920 1918 1915 1913 1911 1910 1908 1908 1907 1905 1903 1901 1899 1895 1890 1885 1880 1874 1870 1867 1865 1863 1860 1858 1856 1853 1850 1848 1845 1842 1840 1839 1837 1836 1834 1832 1831 1829 1828 1826 1825 1823 1822 1820 1818 1814 1809
2025 2023 2021 2018 2015 2012 2009 2006 2003 2001 1999 1997 1994 1991 1987 1984 1980 1976 1971 1966 1961 1958 1955 1952 1950 1948 1946 1943 1940 1938 1936 1934 1932 1930 1927 1924 1921 1918 1916 1913 1911 1908 1906 1904 1904 1903 1902 1900 1898 1896 1893 1889 1884 1879 1874 1870 1866 1863 1860 1859 1857 1855 1852 1850 1847 1845 1842 1840 1838 1837 1835 1833 1831 1830 1828 1826 1825 1823 1822 1820 1818 1815 1812 1808
2024 2022 2020 2017 2013 2009 2006 2003 2001 1999 1996 1993 1991 1988 1985 1981 1977 1973 1968 1963 1959 1956 1953 1950 1948 1945 1943 1940 1938 1936 1934 1932 1930 1928 1925 1923 1920 1917 1914 1911 1909 1906 1903 1901 1900 1900 1899 1897 1895 1893 1890 1886 1881 1878 1874 1870 1867 1863 1860 1859 1856 1854 1852 1849 1847 1844 1842 1840 1839 1837 1835 1833 1831 1828 1826 1825 1823 1822 1820 1818 1816 1813 1810 1807
